%YAML:1.0
cameraMatrix: !!opencv-matrix
   rows: 3
   cols: 3
   dt: d
   data: [ 3.6794330175903269e+02, 0., 2.5651189495807222e+02, 0.,
       3.6785502633472004e+02, 2.1310437719255103e+02, 0., 0., 1. ]
distortionCoefficients: !!opencv-matrix
   rows: 1
   cols: 5
   dt: d
   data: [ 9.7584015115381895e-02, -3.4332647989669790e-01,
       -1.3765842075999417e-03, -5.9609849528699284e-05,
       2.8462836775239536e-01 ]
rotation: !!opencv-matrix
   rows: 3
   cols: 3
   dt: d
   data: [ 1., 0., 0., 0., 1., 0., 0., 0., 1. ]
projection: !!opencv-matrix
   rows: 4
   cols: 4
   dt: d
   data: [ 3.6794330175903269e+02, 0., 2.5651189495807222e+02, 0., 0.,
       3.6785502633472004e+02, 2.1310437719255103e+02, 0., 0., 0., 1.,
       0., 0., 0., 0., 1. ]
