%YAML:1.0
depthShift: -7.5647504304012783e+00
