%YAML:1.0
cameraMatrix: !!opencv-matrix
   rows: 3
   cols: 3
   dt: d
   data: [ 1.0741555413778658e+03, 0., 9.5548228264711986e+02, 0.,
       1.0735622062269858e+03, 5.3714048240503166e+02, 0., 0., 1. ]
distortionCoefficients: !!opencv-matrix
   rows: 1
   cols: 5
   dt: d
   data: [ 2.7690967290372865e-02, 1.6154840233008466e-01,
       3.4675639972657937e-03, -4.1420933523935490e-04,
       -5.8630223947374904e-01 ]
rotation: !!opencv-matrix
   rows: 3
   cols: 3
   dt: d
   data: [ 1., 0., 0., 0., 1., 0., 0., 0., 1. ]
projection: !!opencv-matrix
   rows: 4
   cols: 4
   dt: d
   data: [ 1.0741555413778658e+03, 0., 9.5548228264711986e+02, 0., 0.,
       1.0735622062269858e+03, 5.3714048240503166e+02, 0., 0., 0., 1.,
       0., 0., 0., 0., 1. ]
