%YAML:1.0
rotation: !!opencv-matrix
   rows: 3
   cols: 3
   dt: d
   data: [ 9.9995477574445257e-01, -8.4435745585390784e-03,
       -4.3763585931543211e-03, 8.3982163448988144e-03,
       9.9991188014402832e-01, -1.0281143373115436e-02,
       4.4627825496833737e-03, 1.0243924809792028e-02,
       9.9993757083950274e-01 ]
translation: !!opencv-matrix
   rows: 3
   cols: 1
   dt: d
   data: [ -5.2116384744891775e-02, -1.0361946380601013e-05,
       -1.7451741929604614e-03 ]
essential: !!opencv-matrix
   rows: 3
   cols: 3
   dt: d
   data: [ 1.4610107318528043e-05, 1.7449142614623262e-03,
       -2.8303685581874881e-05, -1.5125111763646963e-03,
       5.4861183510076356e-04, 5.2120768670819911e-02,
       -4.2732319643229541e-04, -5.2111879748441128e-02,
       5.3577067605759389e-04 ]
fundamental: !!opencv-matrix
   rows: 3
   cols: 3
   dt: d
   data: [ 6.7089898944746237e-09, 8.0146032929126462e-07,
       -1.7729783880554518e-04, -6.9493195648912404e-07,
       2.5212335038282288e-07, 8.9357367191962734e-03,
       1.5608674913349959e-04, -2.6611785421076572e-02, 1. ]
