%YAML:1.0
cameraMatrix: !!opencv-matrix
   rows: 3
   cols: 3
   dt: d
   data: [ 1.0708410505301572e+03, 0., 9.6155378884846812e+02, 0.,
       1.0692254653251071e+03, 5.2660318178254499e+02, 0., 0., 1. ]
distortionCoefficients: !!opencv-matrix
   rows: 1
   cols: 5
   dt: d
   data: [ 7.7006353489626936e-02, -1.3047406539246439e-01,
       -1.0024390351708147e-05, 1.7157446322834391e-03,
       4.7383022959332194e-02 ]
rotation: !!opencv-matrix
   rows: 3
   cols: 3
   dt: d
   data: [ 1., 0., 0., 0., 1., 0., 0., 0., 1. ]
projection: !!opencv-matrix
   rows: 4
   cols: 4
   dt: d
   data: [ 1.0708410505301572e+03, 0., 9.6155378884846812e+02, 0., 0.,
       1.0692254653251071e+03, 5.2660318178254499e+02, 0., 0., 0., 1.,
       0., 0., 0., 0., 1. ]
