%YAML:1.0
rotation: !!opencv-matrix
   rows: 3
   cols: 3
   dt: d
   data: [ 9.9999555004834639e-01, -1.2943051038871666e-03,
       2.6878723561947174e-03, 1.3054750514653020e-03,
       9.9999050294260738e-01, -4.1580956556183275e-03,
       -2.6824649848871799e-03, 4.1615861025962163e-03,
       9.9998774271623725e-01 ]
translation: !!opencv-matrix
   rows: 3
   cols: 1
   dt: d
   data: [ -5.2666568095382116e-02, -4.5544523513118790e-05,
       2.5258077823475142e-03 ]
essential: !!opencv-matrix
   rows: 3
   cols: 3
   dt: d
   data: [ -3.1752074550742697e-06, -2.5259733320621442e-03,
       -3.5041414894264092e-05, 2.3845203178349578e-03,
       2.1590729195304918e-04, 5.2672711595227392e-02,
       -2.3210569852628738e-05, -5.2666126866471485e-02,
       2.1911504585946215e-04 ]
fundamental: !!opencv-matrix
   rows: 3
   cols: 3
   dt: d
   data: [ -2.2311974384441945e-09, -1.7765613727731729e-06,
       3.5447632518607235e-04, 1.6781185656608318e-06,
       1.5208083278091059e-07, 1.2958364820067233e-02,
       -8.9902248634871334e-04, -3.8036862345564380e-02,
       9.9999999999999989e-01 ]
