%YAML:1.0
cameraMatrix: !!opencv-matrix
   rows: 3
   cols: 3
   dt: d
   data: [ 3.6199532831295670e+02, 0., 2.5580471350388100e+02, 0.,
       3.6167409960686206e+02, 2.0422549181154722e+02, 0., 0., 1. ]
distortionCoefficients: !!opencv-matrix
   rows: 1
   cols: 5
   dt: d
   data: [ 1.0472131147940063e-01, -2.1400076025127607e-01,
       7.1500309831149845e-04, 3.2930089057544958e-03,
       -2.1775314987630451e-01 ]
rotation: !!opencv-matrix
   rows: 3
   cols: 3
   dt: d
   data: [ 1., 0., 0., 0., 1., 0., 0., 0., 1. ]
projection: !!opencv-matrix
   rows: 4
   cols: 4
   dt: d
   data: [ 3.6199532831295670e+02, 0., 2.5580471350388100e+02, 0., 0.,
       3.6167409960686206e+02, 2.0422549181154722e+02, 0., 0., 0., 1.,
       0., 0., 0., 0., 1. ]
