%YAML:1.0
depthShift: -1.4153514919706412e+01
