image: 22marsff1.pgm
resolution: 0.050000
origin: [-34.000000, -24.400000, 0.000000]
negate: 0
occupied_thresh: 0.65
free_thresh: 0.196

