image: firstfloor3.pgm
resolution: 0.050000
origin: [-2.445, -10.0, 0.000000]
negate: 0
occupied_thresh: 0.65
free_thresh: 0.196

