%YAML:1.0
rotation: !!opencv-matrix
   rows: 3
   cols: 3
   dt: d
   data: [ 9.9969088156439834e-01, -1.7647235084944177e-03,
       2.4799739271504348e-02, 1.6504928132215452e-03,
       9.9998793866946556e-01, 4.6258392824134352e-03,
       -2.4807603480980017e-02, -4.5834775587737268e-03,
       9.9968173662571169e-01 ]
translation: !!opencv-matrix
   rows: 3
   cols: 1
   dt: d
   data: [ -5.1851999271252780e-02, -9.4668018256439270e-05,
       8.8788636822045436e-03 ]
essential: !!opencv-matrix
   rows: 3
   cols: 3
   dt: d
   data: [ -1.2306014037816462e-05, -8.8783226825576902e-03,
       -1.3571008529784755e-04, 7.5897952241358764e-03,
       -2.5333121450604241e-04, 5.2055690183347013e-02,
       9.0574024783628306e-06, -5.1851540930028014e-02,
       -2.3751127293052419e-04 ]
fundamental: !!opencv-matrix
   rows: 3
   cols: 3
   dt: d
   data: [ -1.4259277447205587e-08, -1.0176954148853196e-05,
       2.0692467679417161e-03, 8.7177768251975364e-06,
       -2.8785327359317446e-07, 1.8921032383893241e-02,
       -4.6205885463263810e-03, -5.3290956600037569e-02, 1. ]
