%YAML:1.0
cameraMatrix: !!opencv-matrix
   rows: 3
   cols: 3
   dt: d
   data: [ 3.5356189393676453e+02, 0., 2.6143999493560699e+02, 0.,
       3.5740339395878675e+02, 2.0842352258857917e+02, 0., 0., 1. ]
distortionCoefficients: !!opencv-matrix
   rows: 1
   cols: 5
   dt: d
   data: [ 3.7955056249267753e-02, -2.9745609961751060e-02,
       6.6548830658532260e-03, 6.4465064853507703e-03,
       -1.5869252293733110e-01 ]
rotation: !!opencv-matrix
   rows: 3
   cols: 3
   dt: d
   data: [ 1., 0., 0., 0., 1., 0., 0., 0., 1. ]
projection: !!opencv-matrix
   rows: 4
   cols: 4
   dt: d
   data: [ 3.5356189393676453e+02, 0., 2.6143999493560699e+02, 0., 0.,
       3.5740339395878675e+02, 2.0842352258857917e+02, 0., 0., 0., 1.,
       0., 0., 0., 0., 1. ]
