%YAML:1.0
cameraMatrix: !!opencv-matrix
   rows: 3
   cols: 3
   dt: d
   data: [ 1.0602048936186870e+03, 0., 9.4034583123864593e+02, 0.,
       1.0695330990771304e+03, 5.3283356252183273e+02, 0., 0., 1. ]
distortionCoefficients: !!opencv-matrix
   rows: 1
   cols: 5
   dt: d
   data: [ 5.2417290178036216e-02, -8.3375310755578191e-02,
       -2.6198316494740532e-04, -2.8541016991449519e-03,
       1.0305136491969338e-02 ]
rotation: !!opencv-matrix
   rows: 3
   cols: 3
   dt: d
   data: [ 1., 0., 0., 0., 1., 0., 0., 0., 1. ]
projection: !!opencv-matrix
   rows: 4
   cols: 4
   dt: d
   data: [ 1.0602048936186870e+03, 0., 9.4034583123864593e+02, 0., 0.,
       1.0695330990771304e+03, 5.3283356252183273e+02, 0., 0., 0., 1.,
       0., 0., 0., 0., 1. ]
