%YAML:1.0
depthShift: -3.1323701904568583e+01
