%YAML:1.0
cameraMatrix: !!opencv-matrix
   rows: 3
   cols: 3
   dt: d
   data: [ 1.0595739218277308e+03, 0., 9.4845081418406835e+02, 0.,
       1.0614849722785855e+03, 5.3883120258223437e+02, 0., 0., 1. ]
distortionCoefficients: !!opencv-matrix
   rows: 1
   cols: 5
   dt: d
   data: [ 4.9275182462848614e-02, -4.0821933741399884e-02,
       7.0383360001385095e-04, -1.9271888567746079e-03,
       -6.7420129442171475e-02 ]
rotation: !!opencv-matrix
   rows: 3
   cols: 3
   dt: d
   data: [ 1., 0., 0., 0., 1., 0., 0., 0., 1. ]
projection: !!opencv-matrix
   rows: 4
   cols: 4
   dt: d
   data: [ 1.0595739218277308e+03, 0., 9.4845081418406835e+02, 0., 0.,
       1.0614849722785855e+03, 5.3883120258223437e+02, 0., 0., 0., 1.,
       0., 0., 0., 0., 1. ]
