%YAML:1.0
depthShift: -2.9743845573346729e+01
