%YAML:1.0
rotation: !!opencv-matrix
   rows: 3
   cols: 3
   dt: d
   data: [ 9.9965532506212795e-01, -8.4072239805014302e-03,
       2.4870658613575007e-02, 8.5849867672831096e-03,
       9.9993830028739161e-01, -7.0493702249107169e-03,
       -2.4809858466683862e-02, 7.2604547587575797e-03,
       9.9966582252248637e-01 ]
translation: !!opencv-matrix
   rows: 3
   cols: 1
   dt: d
   data: [ -5.2265239733994336e-02, -9.4424266494122077e-04,
       6.6511528207001151e-03 ]
essential: !!opencv-matrix
   rows: 3
   cols: 3
   dt: d
   data: [ -3.3673532077492134e-05, -6.6575980776326571e-03,
       -8.9704068165371567e-04, 5.3521671344871615e-03,
       3.2355167705211516e-04, 5.2413192419208735e-02,
       4.9522081665412528e-04, -5.2269953443299447e-02,
       3.9192096174676559e-04 ]
fundamental: !!opencv-matrix
   rows: 3
   cols: 3
   dt: d
   data: [ -2.8111235505870282e-08, -5.5487797905994282e-06,
       8.9313686430814382e-04, 4.4600357359587924e-06,
       2.6917888055949734e-07, 1.4400501191510236e-02,
       -1.9384965855088079e-03, -4.1042030564657515e-02, 1. ]
