%YAML:1.0
cameraMatrix: !!opencv-matrix
   rows: 3
   cols: 3
   dt: d
   data: [ 3.5776114586755580e+02, 0., 2.6218157728790425e+02, 0.,
       3.5834761391742308e+02, 2.0791622267605334e+02, 0., 0., 1. ]
distortionCoefficients: !!opencv-matrix
   rows: 1
   cols: 5
   dt: d
   data: [ 3.8429828767981386e-02, -4.8541732879940770e-02,
       8.0288385209279401e-04, 5.9684470450017471e-03,
       -1.3337836301307004e-01 ]
rotation: !!opencv-matrix
   rows: 3
   cols: 3
   dt: d
   data: [ 1., 0., 0., 0., 1., 0., 0., 0., 1. ]
projection: !!opencv-matrix
   rows: 4
   cols: 4
   dt: d
   data: [ 3.5776114586755580e+02, 0., 2.6218157728790425e+02, 0., 0.,
       3.5834761391742308e+02, 2.0791622267605334e+02, 0., 0., 0., 1.,
       0., 0., 0., 0., 1. ]
