%YAML:1.0
cameraMatrix: !!opencv-matrix
   rows: 3
   cols: 3
   dt: d
   data: [ 3.5706872738709285e+02, 0., 2.5037220752105404e+02, 0.,
       3.5700920458183873e+02, 2.0803230739018434e+02, 0., 0., 1. ]
distortionCoefficients: !!opencv-matrix
   rows: 1
   cols: 5
   dt: d
   data: [ 5.5998048975189132e-02, -2.5691440815038830e-01,
       -5.3889184410447575e-03, -1.6922667364749613e-03,
       1.9674519800098919e-01 ]
rotation: !!opencv-matrix
   rows: 3
   cols: 3
   dt: d
   data: [ 1., 0., 0., 0., 1., 0., 0., 0., 1. ]
projection: !!opencv-matrix
   rows: 4
   cols: 4
   dt: d
   data: [ 3.5706872738709285e+02, 0., 2.5037220752105404e+02, 0., 0.,
       3.5700920458183873e+02, 2.0803230739018434e+02, 0., 0., 0., 1.,
       0., 0., 0., 0., 1. ]
