%YAML:1.0
cameraMatrix: !!opencv-matrix
   rows: 3
   cols: 3
   dt: d
   data: [ 1.0526303338534365e+03, 0., 9.3528526085572480e+02, 0.,
       1.0534191001014469e+03, 5.2225718970556716e+02, 0., 0., 1. ]
distortionCoefficients: !!opencv-matrix
   rows: 1
   cols: 5
   dt: d
   data: [ 4.5467150011699140e-02, -7.4470107942918126e-02,
       -6.1697129558609537e-03, -2.5667037404509380e-03,
       -1.4503959457133547e-02 ]
rotation: !!opencv-matrix
   rows: 3
   cols: 3
   dt: d
   data: [ 1., 0., 0., 0., 1., 0., 0., 0., 1. ]
projection: !!opencv-matrix
   rows: 4
   cols: 4
   dt: d
   data: [ 1.0526303338534365e+03, 0., 9.3528526085572480e+02, 0., 0.,
       1.0534191001014469e+03, 5.2225718970556716e+02, 0., 0., 0., 1.,
       0., 0., 0., 0., 1. ]
