%YAML:1.0
rotation: !!opencv-matrix
   rows: 3
   cols: 3
   dt: d
   data: [ 9.9997222955499243e-01, -7.4399336788120839e-03,
       4.3301925190808763e-04, 7.4347723554060875e-03,
       9.9991294780487039e-01, 1.0900503300210780e-02,
       -5.1408057825089366e-04, -1.0896981188819882e-02,
       9.9994049399058227e-01 ]
translation: !!opencv-matrix
   rows: 3
   cols: 1
   dt: d
   data: [ -5.2291985456630448e-02, -1.9227292627499695e-04,
       1.7173350151375650e-03 ]
essential: !!opencv-matrix
   rows: 3
   cols: 3
   dt: d
   data: [ -1.2669151118394222e-05, -1.7150903228939863e-03,
       -2.1098130088050980e-04, 1.6904050298585356e-03,
       -5.8260164046387006e-04, 5.2289617408374921e-02,
       -1.9651142111198186e-04, -5.2288863822328481e-02,
       -5.6992570216587654e-04 ]
fundamental: !!opencv-matrix
   rows: 3
   cols: 3
   dt: d
   data: [ -8.8142664830290771e-09, -1.1934330447023842e-06,
       1.9806702972926870e-04, 1.1751792885051283e-06,
       -4.0509553642475600e-07, 1.2770218257581496e-02,
       -7.4941574482561516e-04, -3.6972004067303506e-02, 1. ]
