%YAML:1.0
depthShift: -2.7989551644219979e+01
