%YAML:1.0
cameraMatrix: !!opencv-matrix
   rows: 3
   cols: 3
   dt: d
   data: [ 1.0659176972846858e+03, 0., 9.4343751506475826e+02, 0.,
       1.0671344454756143e+03, 5.2945732675698605e+02, 0., 0., 1. ]
distortionCoefficients: !!opencv-matrix
   rows: 1
   cols: 5
   dt: d
   data: [ 8.5203248947543803e-02, -1.5132199835671331e-01,
       3.6725752582069673e-05, 1.6797085147439320e-04,
       6.9595894975582551e-02 ]
rotation: !!opencv-matrix
   rows: 3
   cols: 3
   dt: d
   data: [ 1., 0., 0., 0., 1., 0., 0., 0., 1. ]
projection: !!opencv-matrix
   rows: 4
   cols: 4
   dt: d
   data: [ 1.0659176972846858e+03, 0., 9.4343751506475826e+02, 0., 0.,
       1.0671344454756143e+03, 5.2945732675698605e+02, 0., 0., 0., 1.,
       0., 0., 0., 0., 1. ]
