%YAML:1.0
cameraMatrix: !!opencv-matrix
   rows: 3
   cols: 3
   dt: d
   data: [ 3.6300875373076781e+02, 0., 2.5031516168215100e+02, 0.,
       3.6369514183958120e+02, 2.0820100692791175e+02, 0., 0., 1. ]
distortionCoefficients: !!opencv-matrix
   rows: 1
   cols: 5
   dt: d
   data: [ 8.1821817897897955e-02, -2.6355429829570820e-01,
       1.1358713303175449e-03, -3.4508775347809818e-03,
       9.3044732239680641e-02 ]
rotation: !!opencv-matrix
   rows: 3
   cols: 3
   dt: d
   data: [ 1., 0., 0., 0., 1., 0., 0., 0., 1. ]
projection: !!opencv-matrix
   rows: 4
   cols: 4
   dt: d
   data: [ 3.6300875373076781e+02, 0., 2.5031516168215100e+02, 0., 0.,
       3.6369514183958120e+02, 2.0820100692791175e+02, 0., 0., 0., 1.,
       0., 0., 0., 0., 1. ]
