%YAML:1.0
rotation: !!opencv-matrix
   rows: 3
   cols: 3
   dt: d
   data: [ 9.9981924442058101e-01, -1.6783814537781803e-02,
       -8.9320801507728944e-03, 1.6830196096796878e-02,
       9.9984513448475221e-01, 5.1431066983995454e-03,
       8.8443759306041560e-03, -5.2925057136580635e-03,
       9.9994688178806235e-01 ]
translation: !!opencv-matrix
   rows: 3
   cols: 1
   dt: d
   data: [ -5.2146357166763455e-02, 1.5278956045360482e-04,
       6.1320174067675095e-03 ]
essential: !!opencv-matrix
   rows: 3
   cols: 3
   dt: d
   data: [ -1.0185172711394560e-04, -6.1318764083539900e-03,
       1.2124382474590219e-04, 6.5921109966025522e-03,
       -3.7890353614918526e-04, 5.2088815574548510e-02,
       -1.0303953597383141e-03, -5.2135717102646563e-02,
       -2.6682955024134332e-04 ]
fundamental: !!opencv-matrix
   rows: 3
   cols: 3
   dt: d
   data: [ -7.9360579662492380e-08, -4.7688034646913549e-06,
       1.0470284459635935e-03, 5.1305683669570035e-06,
       -2.9433995844909680e-07, 1.3493455503282287e-02,
       -3.4973289450785650e-03, -3.8564125477618526e-02,
       9.9999999999999989e-01 ]
