%YAML:1.0
depthShift: -1.3871426903603853e+01
