%YAML:1.0
rotation: !!opencv-matrix
   rows: 3
   cols: 3
   dt: d
   data: [ 9.9991119372869908e-01, -1.3261698213740201e-02,
       -1.3160609923997364e-03, 1.3274583121200140e-02,
       9.9985863960080446e-01, 1.0319217925156441e-02,
       1.1790245995672037e-03, -1.0335771674925951e-02,
       9.9994588939846007e-01 ]
translation: !!opencv-matrix
   rows: 3
   cols: 1
   dt: d
   data: [ -5.1136098896633050e-02, 2.4886901361020452e-04,
       -5.7307808754826339e-03 ]
essential: !!opencv-matrix
   rows: 3
   cols: 3
   dt: d
   data: [ 7.6367149770094786e-05, 5.7273985167087338e-03,
       3.0799272389359751e-04, -5.6699812276764083e-03,
       -4.5253115604230749e-04, 5.1140873948727565e-02,
       -9.2765730777832965e-04, -5.1125569851526470e-02,
       -5.2735702155567890e-04 ]
fundamental: !!opencv-matrix
   rows: 3
   cols: 3
   dt: d
   data: [ 5.4632220617719291e-08, 4.0798330441011411e-06,
       -7.7779931133202670e-04, -4.0364410155167268e-06,
       -3.2078067089367422e-07, 1.4492284527112346e-02,
       1.3956376584577542e-03, -4.2005738706158618e-02, 1. ]
