%YAML:1.0
cameraMatrix: !!opencv-matrix
   rows: 3
   cols: 3
   dt: d
   data: [ 1.0510785431284703e+03, 0., 9.5529215539194536e+02, 0.,
       1.0562347522943621e+03, 5.3149811657158307e+02, 0., 0., 1. ]
distortionCoefficients: !!opencv-matrix
   rows: 1
   cols: 5
   dt: d
   data: [ 4.3420293034972107e-02, 6.9713884313632291e-02,
       -5.0748692544691811e-03, -2.4002720018116049e-03,
       -2.7283512581173880e-01 ]
rotation: !!opencv-matrix
   rows: 3
   cols: 3
   dt: d
   data: [ 1., 0., 0., 0., 1., 0., 0., 0., 1. ]
projection: !!opencv-matrix
   rows: 4
   cols: 4
   dt: d
   data: [ 1.0510785431284703e+03, 0., 9.5529215539194536e+02, 0., 0.,
       1.0562347522943621e+03, 5.3149811657158307e+02, 0., 0., 0., 1.,
       0., 0., 0., 0., 1. ]
