%YAML:1.0
depthShift: -4.2919369658404163e+00
