%YAML:1.0
cameraMatrix: !!opencv-matrix
   rows: 3
   cols: 3
   dt: d
   data: [ 3.6852223644826319e+02, 0., 2.4997821484678119e+02, 0.,
       3.7010161591864795e+02, 2.0719981474772888e+02, 0., 0., 1. ]
distortionCoefficients: !!opencv-matrix
   rows: 1
   cols: 5
   dt: d
   data: [ 1.1891637328742401e-01, -2.4733369017465839e-01,
       -1.6899007269342843e-03, -1.2441972030380532e-03,
       -1.5644441956202179e-01 ]
rotation: !!opencv-matrix
   rows: 3
   cols: 3
   dt: d
   data: [ 1., 0., 0., 0., 1., 0., 0., 0., 1. ]
projection: !!opencv-matrix
   rows: 4
   cols: 4
   dt: d
   data: [ 3.6852223644826319e+02, 0., 2.4997821484678119e+02, 0., 0.,
       3.7010161591864795e+02, 2.0719981474772888e+02, 0., 0., 0., 1.,
       0., 0., 0., 0., 1. ]
