%YAML:1.0
cameraMatrix: !!opencv-matrix
   rows: 3
   cols: 3
   dt: d
   data: [ 1.0060526489471698e+03, 0., 9.4950231691758484e+02, 0.,
       1.0096770177642334e+03, 5.6133334138521445e+02, 0., 0., 1. ]
distortionCoefficients: !!opencv-matrix
   rows: 1
   cols: 5
   dt: d
   data: [ 4.4817196766414463e-03, -1.9230230899762977e+00,
       7.3833093869630287e-03, -1.5768478190730604e-02,
       1.3050407325630630e+01 ]
rotation: !!opencv-matrix
   rows: 3
   cols: 3
   dt: d
   data: [ 1., 0., 0., 0., 1., 0., 0., 0., 1. ]
projection: !!opencv-matrix
   rows: 4
   cols: 4
   dt: d
   data: [ 1.0060526489471698e+03, 0., 9.4950231691758484e+02, 0., 0.,
       1.0096770177642334e+03, 5.6133334138521445e+02, 0., 0., 0., 1.,
       0., 0., 0., 0., 1. ]
