%YAML:1.0
rotation: !!opencv-matrix
   rows: 3
   cols: 3
   dt: d
   data: [ 9.9988158969482810e-01, 1.7889767417639002e-03,
       -1.5284179780443465e-02, -2.6021281361804306e-03,
       9.9857253328916551e-01, -5.3349083306288889e-02,
       1.5166921853375100e-02, 5.3382537619299078e-02,
       9.9845894715747718e-01 ]
translation: !!opencv-matrix
   rows: 3
   cols: 1
   dt: d
   data: [ -5.1682840823070605e-02, 1.6364779351116104e-03,
       9.6185438722831956e-03 ]
essential: !!opencv-matrix
   rows: 3
   cols: 3
   dt: d
   data: [ 4.9849016595764412e-05, -9.5174543761645612e-03,
       2.1470965344656118e-03, 1.0401274545491905e-02,
       2.7761685457869628e-03, 5.1456183280540496e-02,
       -1.5017987849964601e-03, -5.1611992909238638e-02,
       2.7822444035426365e-03 ]
fundamental: !!opencv-matrix
   rows: 3
   cols: 3
   dt: d
   data: [ 5.3039190851328606e-08, -1.0207925240164428e-05,
       2.7991495608608243e-03, 1.1027195969298473e-05,
       2.9668852152202004e-06, 1.5650649851761705e-02,
       -7.8478741787686747e-03, -4.7664347461639264e-02, 1. ]
