%YAML:1.0
depthShift: -5.8274874529666690e+01
