%YAML:1.0
cameraMatrix: !!opencv-matrix
   rows: 3
   cols: 3
   dt: d
   data: [ 3.4640198644564487e+02, 0., 2.4115236004853733e+02, 0.,
       3.4364022249916627e+02, 1.9794262002861782e+02, 0., 0., 1. ]
distortionCoefficients: !!opencv-matrix
   rows: 1
   cols: 5
   dt: d
   data: [ -7.8595868880037056e-01, 6.9357303034423978e+00,
       3.6879846487518506e-02, -1.0054932756383290e-02,
       -2.8030116838158364e+01 ]
rotation: !!opencv-matrix
   rows: 3
   cols: 3
   dt: d
   data: [ 1., 0., 0., 0., 1., 0., 0., 0., 1. ]
projection: !!opencv-matrix
   rows: 4
   cols: 4
   dt: d
   data: [ 3.4640198644564487e+02, 0., 2.4115236004853733e+02, 0., 0.,
       3.4364022249916627e+02, 1.9794262002861782e+02, 0., 0., 0., 1.,
       0., 0., 0., 0., 1. ]
