%YAML:1.0
cameraMatrix: !!opencv-matrix
   rows: 3
   cols: 3
   dt: d
   data: [ 3.6289072753235183e+02, 0., 2.5180123553418704e+02, 0.,
       3.6396874176085186e+02, 2.0596618149018616e+02, 0., 0., 1. ]
distortionCoefficients: !!opencv-matrix
   rows: 1
   cols: 5
   dt: d
   data: [ 1.2215378272694803e-01, -3.8653713117572047e-01,
       -3.5681691507706077e-03, 2.3005119450402933e-03,
       4.1796087346210509e-01 ]
rotation: !!opencv-matrix
   rows: 3
   cols: 3
   dt: d
   data: [ 1., 0., 0., 0., 1., 0., 0., 0., 1. ]
projection: !!opencv-matrix
   rows: 4
   cols: 4
   dt: d
   data: [ 3.6289072753235183e+02, 0., 2.5180123553418704e+02, 0., 0.,
       3.6396874176085186e+02, 2.0596618149018616e+02, 0., 0., 0., 1.,
       0., 0., 0., 0., 1. ]
