%YAML:1.0
cameraMatrix: !!opencv-matrix
   rows: 3
   cols: 3
   dt: d
   data: [ 1.0739213921986873e+03, 0., 9.5331950507744068e+02, 0.,
       1.0762975793177870e+03, 5.2766821632995914e+02, 0., 0., 1. ]
distortionCoefficients: !!opencv-matrix
   rows: 1
   cols: 5
   dt: d
   data: [ 8.5910081698639409e-02, -1.4141172508076308e-01,
       -1.9271742650588701e-03, 2.2496098196128724e-03,
       6.0716932259226641e-02 ]
rotation: !!opencv-matrix
   rows: 3
   cols: 3
   dt: d
   data: [ 1., 0., 0., 0., 1., 0., 0., 0., 1. ]
projection: !!opencv-matrix
   rows: 4
   cols: 4
   dt: d
   data: [ 1.0739213921986873e+03, 0., 9.5331950507744068e+02, 0., 0.,
       1.0762975793177870e+03, 5.2766821632995914e+02, 0., 0., 0., 1.,
       0., 0., 0., 0., 1. ]
