%YAML:1.0
depthShift: -9.2254149076614063e+00
