%YAML:1.0
rotation: !!opencv-matrix
   rows: 3
   cols: 3
   dt: d
   data: [ 9.9992914386841503e-01, -1.1220426681968449e-02,
       -3.9760869775547197e-03, 1.1229362731367726e-02,
       9.9993445698694872e-01, 2.2322954247556356e-03,
       3.9507790656880901e-03, -2.2767861758597168e-03,
       9.9998960374070067e-01 ]
translation: !!opencv-matrix
   rows: 3
   cols: 1
   dt: d
   data: [ -5.2262158101065340e-02, 4.2538993379090953e-04,
       -2.1535135185412123e-05 ]
essential: !!opencv-matrix
   rows: 3
   cols: 3
   dt: d
   data: [ 1.9224474896416006e-06, 2.0565201787160583e-05,
       4.2543358411060040e-04, 1.8494263086433045e-04,
       -1.1874812567966628e-04, 5.2261700395688747e-02,
       -1.0122305227467370e-03, -5.2253959625191485e-02,
       -1.1497318904073493e-04 ]
fundamental: !!opencv-matrix
   rows: 3
   cols: 3
   dt: d
   data: [ 1.1747198235665738e-09, 1.2529235452507865e-08,
       9.1461776597982682e-05, 1.1276049474384864e-07,
       -7.2186916134889424e-08, 1.1549709745552994e-02,
       -7.2487027351823699e-04, -3.4162609276902046e-02, 1. ]
