%YAML:1.0
cameraMatrix: !!opencv-matrix
   rows: 3
   cols: 3
   dt: d
   data: [ 1.0749383544900666e+03, 0., 9.5401252495695257e+02, 0.,
       1.0786895323593005e+03, 5.4287601881995772e+02, 0., 0., 1. ]
distortionCoefficients: !!opencv-matrix
   rows: 1
   cols: 5
   dt: d
   data: [ 9.9444655382418354e-02, -1.2644698797359549e-01,
       -2.9364584364229051e-03, 1.0696998182040413e-03,
       -6.1875053109086829e-02 ]
rotation: !!opencv-matrix
   rows: 3
   cols: 3
   dt: d
   data: [ 1., 0., 0., 0., 1., 0., 0., 0., 1. ]
projection: !!opencv-matrix
   rows: 4
   cols: 4
   dt: d
   data: [ 1.0749383544900666e+03, 0., 9.5401252495695257e+02, 0., 0.,
       1.0786895323593005e+03, 5.4287601881995772e+02, 0., 0., 0., 1.,
       0., 0., 0., 0., 1. ]
