%YAML:1.0
rotation: !!opencv-matrix
   rows: 3
   cols: 3
   dt: d
   data: [ 9.9997479475598139e-01, -3.0979881199723652e-03,
       -6.3884522649330011e-03, 3.1368468182920123e-03,
       9.9997658674411860e-01, 6.0816244228611479e-03,
       6.3694618902532711e-03, -6.1015107301946141e-03,
       9.9996110000441407e-01 ]
translation: !!opencv-matrix
   rows: 3
   cols: 1
   dt: d
   data: [ -5.2122295914330194e-02, 2.1398506473477359e-04,
       1.4928306469573821e-03 ]
essential: !!opencv-matrix
   rows: 3
   cols: 3
   dt: d
   data: [ -3.3198113502455505e-06, -1.4941013271000379e-03,
       2.0489790539496831e-04, 1.8247839972554769e-03,
       -3.2264951941306919e-04, 5.2110731479921485e-02,
       -3.7747932928994200e-04, -5.2120412638490425e-02,
       -3.1562119443671963e-04 ]
fundamental: !!opencv-matrix
   rows: 3
   cols: 3
   dt: d
   data: [ -2.8428486144719553e-09, -1.2741279738859197e-06,
       3.3197400388128198e-04, 1.5571802487686288e-06,
       -2.7418968755390600e-07, 1.5975391509410387e-02,
       -1.1901134989410630e-03, -4.6413223053284228e-02, 1. ]
