%YAML:1.0
cameraMatrix: !!opencv-matrix
   rows: 3
   cols: 3
   dt: d
   data: [ 3.6663179154329072e+02, 0., 2.4769045231422140e+02, 0.,
       3.6816071920446950e+02, 2.0950853442368569e+02, 0., 0., 1. ]
distortionCoefficients: !!opencv-matrix
   rows: 1
   cols: 5
   dt: d
   data: [ 8.0076391595539545e-02, -1.7344837365070317e-01,
       -4.3561216160835923e-04, -8.3814126006668134e-04,
       -3.0338354340443136e-01 ]
rotation: !!opencv-matrix
   rows: 3
   cols: 3
   dt: d
   data: [ 1., 0., 0., 0., 1., 0., 0., 0., 1. ]
projection: !!opencv-matrix
   rows: 4
   cols: 4
   dt: d
   data: [ 3.6663179154329072e+02, 0., 2.4769045231422140e+02, 0., 0.,
       3.6816071920446950e+02, 2.0950853442368569e+02, 0., 0., 0., 1.,
       0., 0., 0., 0., 1. ]
