%YAML:1.0
depthShift: -1.3766369257436059e+01
