%YAML:1.0
cameraMatrix: !!opencv-matrix
   rows: 3
   cols: 3
   dt: d
   data: [ 3.6828419260806055e+02, 0., 2.4997728232482888e+02, 0.,
       3.6942896179022233e+02, 2.0235443925413159e+02, 0., 0., 1. ]
distortionCoefficients: !!opencv-matrix
   rows: 1
   cols: 5
   dt: d
   data: [ 1.1706885294860507e-01, -3.0008364498447010e-01,
       -3.2675071135880233e-03, 9.5918982389476149e-04,
       -3.1960447666344802e-02 ]
rotation: !!opencv-matrix
   rows: 3
   cols: 3
   dt: d
   data: [ 1., 0., 0., 0., 1., 0., 0., 0., 1. ]
projection: !!opencv-matrix
   rows: 4
   cols: 4
   dt: d
   data: [ 3.6828419260806055e+02, 0., 2.4997728232482888e+02, 0., 0.,
       3.6942896179022233e+02, 2.0235443925413159e+02, 0., 0., 0., 1.,
       0., 0., 0., 0., 1. ]
