%YAML:1.0
cameraMatrix: !!opencv-matrix
   rows: 3
   cols: 3
   dt: d
   data: [ 1.0727293520063390e+03, 0., 9.6745899280597678e+02, 0.,
       1.0758932759973661e+03, 5.3734414583898013e+02, 0., 0., 1. ]
distortionCoefficients: !!opencv-matrix
   rows: 1
   cols: 5
   dt: d
   data: [ 9.9264816171564921e-02, -1.6084490216806535e-01,
       -1.9788256837052994e-03, 7.2211755941755718e-04,
       4.1667145291507848e-02 ]
rotation: !!opencv-matrix
   rows: 3
   cols: 3
   dt: d
   data: [ 1., 0., 0., 0., 1., 0., 0., 0., 1. ]
projection: !!opencv-matrix
   rows: 4
   cols: 4
   dt: d
   data: [ 1.0727293520063390e+03, 0., 9.6745899280597678e+02, 0., 0.,
       1.0758932759973661e+03, 5.3734414583898013e+02, 0., 0., 0., 1.,
       0., 0., 0., 0., 1. ]
