%YAML:1.0
rotation: !!opencv-matrix
   rows: 3
   cols: 3
   dt: d
   data: [ 9.9998198937771288e-01, -6.0010777395073135e-03,
       -8.9365295627598365e-05, 6.0005860840133540e-03,
       9.9997073487108967e-01, -4.7457737009981805e-03,
       1.1784243725455349e-04, 4.7451519825112533e-03,
       9.9998873475945860e-01 ]
translation: !!opencv-matrix
   rows: 3
   cols: 1
   dt: d
   data: [ -5.1842271291117563e-02, 3.3559198209762753e-05,
       -3.1884779548500427e-03 ]
essential: !!opencv-matrix
   rows: 3
   cols: 3
   dt: d
   data: [ 1.9136691142765870e-05, 3.1885438871275830e-03,
       1.8427025332982746e-05, -3.1823113087761697e-03,
       2.6513376047269314e-04, 5.1841972214736291e-02,
       -3.4464260546084459e-04, -5.1840552729007894e-02,
       2.4603468672106777e-04 ]
fundamental: !!opencv-matrix
   rows: 3
   cols: 3
   dt: d
   data: [ 1.3654022057564203e-08, 2.2679751443289463e-06,
       -4.5750595274611733e-04, -2.2639007598970819e-06,
       1.8803205560312315e-07, 1.4110362220875644e-02,
       9.3949742190031185e-04, -4.1850601613251527e-02,
       9.9999999999999989e-01 ]
