%YAML:1.0
depthShift: -9.9023022365985263e+00
