%YAML:1.0
rotation: !!opencv-matrix
   rows: 3
   cols: 3
   dt: d
   data: [ 9.9990866032977643e-01, -1.0069364363144383e-02,
       -9.0154810650356163e-03, 1.0186736304704559e-02,
       9.9986270547586242e-01, 1.3069070431635781e-02,
       8.8826460567891560e-03, -1.3159715035322022e-02,
       9.9987395230559883e-01 ]
translation: !!opencv-matrix
   rows: 3
   cols: 1
   dt: d
   data: [ -5.1940858492755648e-02, -5.6756432071922614e-04,
       -4.1241019854390852e-03 ]
essential: !!opencv-matrix
   rows: 3
   cols: 3
   dt: d
   data: [ 3.6969666443965624e-05, 4.1310047535443812e-03,
       -5.1359460123022276e-04, -3.6623530294468479e-03,
       -6.4199981089249668e-04, 5.1971492230657425e-02,
       3.8404650675664845e-05, -5.1939442309250433e-02,
       -6.8393560330808512e-04 ]
fundamental: !!opencv-matrix
   rows: 3
   cols: 3
   dt: d
   data: [ 3.0516487802180475e-08, 3.4036403811855135e-06,
       -8.7467374290271013e-04, -3.0196106598129201e-06,
       -5.2835351516058276e-07, 1.6658137347236458e-02,
       1.6686790237616163e-03, -4.8809256177990867e-02,
       9.9999999999999989e-01 ]
