%YAML:1.0
depthShift: -1.0558352814213068e+01
