%YAML:1.0
cameraMatrix: !!opencv-matrix
   rows: 3
   cols: 3
   dt: d
   data: [ 3.6819271881757402e+02, 0., 2.5518394535479680e+02, 0.,
       3.6887246615641834e+02, 2.0883316151441954e+02, 0., 0., 1. ]
distortionCoefficients: !!opencv-matrix
   rows: 1
   cols: 5
   dt: d
   data: [ 7.6804226761551908e-02, -1.7488341187131659e-01,
       4.8819503088317973e-03, -1.2525657008875289e-04,
       -1.8358039838598603e-01 ]
rotation: !!opencv-matrix
   rows: 3
   cols: 3
   dt: d
   data: [ 1., 0., 0., 0., 1., 0., 0., 0., 1. ]
projection: !!opencv-matrix
   rows: 4
   cols: 4
   dt: d
   data: [ 3.6819271881757402e+02, 0., 2.5518394535479680e+02, 0., 0.,
       3.6887246615641834e+02, 2.0883316151441954e+02, 0., 0., 0., 1.,
       0., 0., 0., 0., 1. ]
