%YAML:1.0
cameraMatrix: !!opencv-matrix
   rows: 3
   cols: 3
   dt: d
   data: [ 1.0720739806165880e+03, 0., 9.4656144560501173e+02, 0.,
       1.0733046911585313e+03, 5.5092498161103174e+02, 0., 0., 1. ]
distortionCoefficients: !!opencv-matrix
   rows: 1
   cols: 5
   dt: d
   data: [ 6.3191505685301630e-02, -9.4489500455777545e-02,
       1.5494402571044250e-04, 6.2618251690478956e-04,
       2.2263799969410421e-02 ]
rotation: !!opencv-matrix
   rows: 3
   cols: 3
   dt: d
   data: [ 1., 0., 0., 0., 1., 0., 0., 0., 1. ]
projection: !!opencv-matrix
   rows: 4
   cols: 4
   dt: d
   data: [ 1.0720739806165880e+03, 0., 9.4656144560501173e+02, 0., 0.,
       1.0733046911585313e+03, 5.5092498161103174e+02, 0., 0., 0., 1.,
       0., 0., 0., 0., 1. ]
