%YAML:1.0
rotation: !!opencv-matrix
   rows: 3
   cols: 3
   dt: d
   data: [ 9.9999543574100380e-01, -2.5285564087825906e-03,
       -1.6537532003339421e-03, 2.5068850775516998e-03,
       9.9991264379324274e-01, -1.2977685063811265e-02,
       1.6864235434667285e-03, 1.2973480061075588e-02,
       9.9991441873329179e-01 ]
translation: !!opencv-matrix
   rows: 3
   cols: 1
   dt: d
   data: [ -5.1576133608862103e-02, 1.3311553435825583e-04,
       -7.5354501719151654e-04 ]
essential: !!opencv-matrix
   rows: 3
   cols: 3
   dt: d
   data: [ 2.1135399300037688e-06, 7.5520616208801003e-04,
       1.2332487224769116e-04, -6.6656237181792215e-04,
       6.7102732208446883e-04, 5.1572965835499716e-02,
       -2.6241036648634971e-04, -5.1571291523333312e-02,
       6.6955895902582306e-04 ]
fundamental: !!opencv-matrix
   rows: 3
   cols: 3
   dt: d
   data: [ 1.3342444872966940e-09, 4.7304812157579053e-07,
       -6.5139021840697613e-05, -4.1822522279443552e-07,
       4.1775770495079436e-07, 1.1653521676778179e-02,
       3.7683855853089013e-05, -3.4817660741438571e-02, 1. ]
