%YAML:1.0
cameraMatrix: !!opencv-matrix
   rows: 3
   cols: 3
   dt: d
   data: [ 3.5943750259845899e+02, 0., 2.4991892228929581e+02, 0.,
       3.6225013056860200e+02, 1.9615102716240040e+02, 0., 0., 1. ]
distortionCoefficients: !!opencv-matrix
   rows: 1
   cols: 5
   dt: d
   data: [ 9.0918710420637830e-02, -3.6233764203920804e-01,
       -5.6353952051314046e-03, -1.6110248996194494e-03,
       3.1348639442070209e-01 ]
rotation: !!opencv-matrix
   rows: 3
   cols: 3
   dt: d
   data: [ 1., 0., 0., 0., 1., 0., 0., 0., 1. ]
projection: !!opencv-matrix
   rows: 4
   cols: 4
   dt: d
   data: [ 3.5943750259845899e+02, 0., 2.4991892228929581e+02, 0., 0.,
       3.6225013056860200e+02, 1.9615102716240040e+02, 0., 0., 0., 1.,
       0., 0., 0., 0., 1. ]
