%YAML:1.0
depthShift: -2.2523213549669332e+01
