%YAML:1.0
cameraMatrix: !!opencv-matrix
   rows: 3
   cols: 3
   dt: d
   data: [ 1.0572232321112426e+03, 0., 9.5536896716678291e+02, 0.,
       1.0637075221431217e+03, 5.1190941773475890e+02, 0., 0., 1. ]
distortionCoefficients: !!opencv-matrix
   rows: 1
   cols: 5
   dt: d
   data: [ 4.9225888053098091e-02, -8.9721730672031694e-02,
       -2.2274893851983732e-03, -2.9130683190769445e-03,
       1.1280118099775636e-02 ]
rotation: !!opencv-matrix
   rows: 3
   cols: 3
   dt: d
   data: [ 1., 0., 0., 0., 1., 0., 0., 0., 1. ]
projection: !!opencv-matrix
   rows: 4
   cols: 4
   dt: d
   data: [ 1.0572232321112426e+03, 0., 9.5536896716678291e+02, 0., 0.,
       1.0637075221431217e+03, 5.1190941773475890e+02, 0., 0., 0., 1.,
       0., 0., 0., 0., 1. ]
