%YAML:1.0
rotation: !!opencv-matrix
   rows: 3
   cols: 3
   dt: d
   data: [ 9.9999865394492038e-01, -2.4144613223859088e-04,
       -1.6229023731075428e-03, 2.2751068230700261e-04,
       9.9996315277746595e-01, -8.5814524551338731e-03,
       1.6249145321669295e-03, 8.5810716763999820e-03,
       9.9996186170355905e-01 ]
translation: !!opencv-matrix
   rows: 3
   cols: 1
   dt: d
   data: [ -5.1894264457449997e-02, 3.5381530025705603e-04,
       -5.9407594280178246e-03 ]
essential: !!opencv-matrix
   rows: 3
   cols: 3
   dt: d
   data: [ 1.9265058539807897e-06, 5.9435766419848714e-03,
       3.0282146176532622e-04, -5.8564276869753958e-03,
       4.4674277628988933e-04, 5.1901926571182332e-02,
       -3.6562132351670838e-04, -5.1892266870603519e-02,
       4.4590237082617969e-04 ]
fundamental: !!opencv-matrix
   rows: 3
   cols: 3
   dt: d
   data: [ 9.1816003216856987e-10, 2.8336998194618235e-06,
       -5.4080564209283387e-04, -2.7910119439171642e-06,
       2.1298272195348809e-07, 9.7789997604770338e-03,
       1.2933418206300248e-03, -2.9256898047758467e-02,
       9.9999999999999989e-01 ]
