%YAML:1.0
cameraMatrix: !!opencv-matrix
   rows: 3
   cols: 3
   dt: d
   data: [ 3.6848758419559726e+02, 0., 2.5405706948843300e+02, 0.,
       3.6835361380285480e+02, 2.0953295865996319e+02, 0., 0., 1. ]
distortionCoefficients: !!opencv-matrix
   rows: 1
   cols: 5
   dt: d
   data: [ 9.1952979489525452e-02, -2.9742172736258726e-01,
       -7.9015051706927064e-04, 6.9449025969935357e-04,
       1.8981149430663677e-01 ]
rotation: !!opencv-matrix
   rows: 3
   cols: 3
   dt: d
   data: [ 1., 0., 0., 0., 1., 0., 0., 0., 1. ]
projection: !!opencv-matrix
   rows: 4
   cols: 4
   dt: d
   data: [ 3.6848758419559726e+02, 0., 2.5405706948843300e+02, 0., 0.,
       3.6835361380285480e+02, 2.0953295865996319e+02, 0., 0., 0., 1.,
       0., 0., 0., 0., 1. ]
