%YAML:1.0
cameraMatrix: !!opencv-matrix
   rows: 3
   cols: 3
   dt: d
   data: [ 1.0686312960896926e+03, 0., 9.5473931912926980e+02, 0.,
       1.0686783956314077e+03, 5.3042780340701881e+02, 0., 0., 1. ]
distortionCoefficients: !!opencv-matrix
   rows: 1
   cols: 5
   dt: d
   data: [ 4.3801370082680369e-02, 1.4576995027723136e-01,
       4.1966895062515658e-03, 2.8262592639190566e-03,
       -4.3520380535614167e-01 ]
rotation: !!opencv-matrix
   rows: 3
   cols: 3
   dt: d
   data: [ 1., 0., 0., 0., 1., 0., 0., 0., 1. ]
projection: !!opencv-matrix
   rows: 4
   cols: 4
   dt: d
   data: [ 1.0686312960896926e+03, 0., 9.5473931912926980e+02, 0., 0.,
       1.0686783956314077e+03, 5.3042780340701881e+02, 0., 0., 0., 1.,
       0., 0., 0., 0., 1. ]
