%YAML:1.0
depthShift: -7.4314078888991002e+00
