%YAML:1.0
rotation: !!opencv-matrix
   rows: 3
   cols: 3
   dt: d
   data: [ 9.9997866194678087e-01, -6.3593469316609377e-03,
       -1.4947768156194014e-03, 6.3387515996919299e-03,
       9.9989010846904602e-01, -1.3401164647773677e-02,
       1.5798352075902273e-03, 1.3391403674078031e-02,
       9.9990908308123427e-01 ]
translation: !!opencv-matrix
   rows: 3
   cols: 1
   dt: d
   data: [ -5.2810078757619290e-02, -1.8405479005794223e-03,
       1.0255424138738214e-02 ]
essential: !!opencv-matrix
   rows: 3
   cols: 3
   dt: d
   data: [ -6.7914348539537727e-05, -1.0278944674397161e-02,
       -1.7029459362194776e-03, 1.0338636529689057e-02,
       6.4198328267356679e-04, 5.2789947857741944e-02,
       1.5057586556656514e-03, -5.2815980059858936e-02,
       7.0496535216292816e-04 ]
fundamental: !!opencv-matrix
   rows: 3
   cols: 3
   dt: d
   data: [ -7.3583517059244542e-08, -1.0946926910637993e-05,
       1.5729666434796481e-03, 1.1128344719256982e-05,
       6.7922820102068668e-07, 1.7418649547857806e-02,
       -4.2496217254159438e-03, -4.9857355945335614e-02, 1. ]
