%YAML:1.0
cameraMatrix: !!opencv-matrix
   rows: 3
   cols: 3
   dt: d
   data: [ 3.5823665274876026e+02, 0., 2.5158334304586941e+02, 0.,
       3.6445619033681118e+02, 2.0237977772367577e+02, 0., 0., 1. ]
distortionCoefficients: !!opencv-matrix
   rows: 1
   cols: 5
   dt: d
   data: [ 8.2992732406830805e-02, -2.9678571004863391e-01,
       2.8863274505927430e-03, 1.0739722879852020e-04,
       1.5990351467954864e-01 ]
rotation: !!opencv-matrix
   rows: 3
   cols: 3
   dt: d
   data: [ 1., 0., 0., 0., 1., 0., 0., 0., 1. ]
projection: !!opencv-matrix
   rows: 4
   cols: 4
   dt: d
   data: [ 3.5823665274876026e+02, 0., 2.5158334304586941e+02, 0., 0.,
       3.6445619033681118e+02, 2.0237977772367577e+02, 0., 0., 0., 1.,
       0., 0., 0., 0., 1. ]
