%YAML:1.0
cameraMatrix: !!opencv-matrix
   rows: 3
   cols: 3
   dt: d
   data: [ 1.0679238212954488e+03, 0., 9.6662324825420558e+02, 0.,
       1.0749591826884641e+03, 5.4482640081376076e+02, 0., 0., 1. ]
distortionCoefficients: !!opencv-matrix
   rows: 1
   cols: 5
   dt: d
   data: [ 6.5621156249373341e-02, -3.9072844441060947e-02,
       1.7507467561221860e-03, 2.7450222611016817e-04,
       -9.0501198719644793e-02 ]
rotation: !!opencv-matrix
   rows: 3
   cols: 3
   dt: d
   data: [ 1., 0., 0., 0., 1., 0., 0., 0., 1. ]
projection: !!opencv-matrix
   rows: 4
   cols: 4
   dt: d
   data: [ 1.0679238212954488e+03, 0., 9.6662324825420558e+02, 0., 0.,
       1.0749591826884641e+03, 5.4482640081376076e+02, 0., 0., 0., 1.,
       0., 0., 0., 0., 1. ]
