%YAML:1.0
depthShift: -3.3934764454609656e+01
