%YAML:1.0
rotation: !!opencv-matrix
   rows: 3
   cols: 3
   dt: d
   data: [ 9.9992076801185459e-01, -1.0616823448395537e-02,
       -6.7631914395839873e-03, 1.0569859780179072e-02,
       9.9992003797546070e-01, -6.9423136907491492e-03,
       6.8363559598821552e-03, 6.8702776522502305e-03,
       9.9995303065802588e-01 ]
translation: !!opencv-matrix
   rows: 3
   cols: 1
   dt: d
   data: [ -5.1765376408560070e-02, -4.1637991107722926e-04,
       -2.9512931551657230e-03 ]
essential: !!opencv-matrix
   rows: 3
   cols: 3
   dt: d
   data: [ 2.8348233533635945e-05, 2.9481965181921074e-03,
       -4.3684915686331602e-04, -2.5971727788152367e-03,
       3.8697586707290427e-04, 5.1782905183495834e-02,
       -1.3080584963761878e-04, -5.1765657776264767e-02,
       3.5655542429771734e-04 ]
fundamental: !!opencv-matrix
   rows: 3
   cols: 3
   dt: d
   data: [ 1.5796161047963720e-08, 1.6272725017268014e-06,
       -4.2645012952695534e-04, -1.4362574028016025e-06,
       2.1197938383054562e-07, 1.0692795057504314e-02,
       6.7613884329564757e-04, -3.1936303253588087e-02, 1. ]
