%YAML:1.0
cameraMatrix: !!opencv-matrix
   rows: 3
   cols: 3
   dt: d
   data: [ 3.6232690995525894e+02, 0., 2.5108083979499014e+02, 0.,
       3.6578196159039533e+02, 2.0542732576020785e+02, 0., 0., 1. ]
distortionCoefficients: !!opencv-matrix
   rows: 1
   cols: 5
   dt: d
   data: [ 7.7818839348519617e-02, -1.8479158592931863e-01,
       -1.0587086277929335e-03, -3.3828678095863345e-03,
       -9.7188849334476260e-02 ]
rotation: !!opencv-matrix
   rows: 3
   cols: 3
   dt: d
   data: [ 1., 0., 0., 0., 1., 0., 0., 0., 1. ]
projection: !!opencv-matrix
   rows: 4
   cols: 4
   dt: d
   data: [ 3.6232690995525894e+02, 0., 2.5108083979499014e+02, 0., 0.,
       3.6578196159039533e+02, 2.0542732576020785e+02, 0., 0., 0., 1.,
       0., 0., 0., 0., 1. ]
