%YAML:1.0
cameraMatrix: !!opencv-matrix
   rows: 3
   cols: 3
   dt: d
   data: [ 1.0599946397867541e+03, 0., 9.4415322078117288e+02, 0.,
       1.0680652427129644e+03, 5.3494111670206860e+02, 0., 0., 1. ]
distortionCoefficients: !!opencv-matrix
   rows: 1
   cols: 5
   dt: d
   data: [ 6.6193244125880374e-02, -1.0183188589858883e-01,
       2.0455724736816419e-03, -1.8819830624176696e-03,
       1.6193907635349971e-02 ]
rotation: !!opencv-matrix
   rows: 3
   cols: 3
   dt: d
   data: [ 1., 0., 0., 0., 1., 0., 0., 0., 1. ]
projection: !!opencv-matrix
   rows: 4
   cols: 4
   dt: d
   data: [ 1.0599946397867541e+03, 0., 9.4415322078117288e+02, 0., 0.,
       1.0680652427129644e+03, 5.3494111670206860e+02, 0., 0., 0., 1.,
       0., 0., 0., 0., 1. ]
