%YAML:1.0
depthShift: -1.6759465782835154e+01
