%YAML:1.0
rotation: !!opencv-matrix
   rows: 3
   cols: 3
   dt: d
   data: [ 9.9993884897022944e-01, 8.8615130286730801e-04,
       1.1023296057037906e-02, -9.2507809938498177e-04,
       9.9999335320388893e-01, 3.5267234868024784e-03,
       -1.1020097576823861e-02, -3.5367052337949420e-03,
       9.9993302233973980e-01 ]
translation: !!opencv-matrix
   rows: 3
   cols: 1
   dt: d
   data: [ -5.1872563370922137e-02, 5.0678206856436675e-04,
       -4.0800099697899106e-03 ]
essential: !!opencv-matrix
   rows: 3
   cols: 3
   dt: d
   data: [ -9.3591157140889892e-06, 4.0781905120012259e-03,
       5.2113719247399884e-04, -4.6514011828863253e-03,
       -1.8707347251474107e-04, 5.1824113910183191e-02,
       -4.5876490598560507e-04, -5.1872667670159980e-02,
       -1.8852659633906413e-04 ]
fundamental: !!opencv-matrix
   rows: 3
   cols: 3
   dt: d
   data: [ -7.0816093540730478e-09, 3.0746406572874700e-06,
       -5.0150870218375982e-04, -3.5101562568268249e-06,
       -1.4066451897103997e-07, 1.4951728749713454e-02,
       1.5610822202225976e-03, -4.4178366967721885e-02, 1. ]
