%YAML:1.0
cameraMatrix: !!opencv-matrix
   rows: 3
   cols: 3
   dt: d
   data: [ 1.0558775663825529e+03, 0., 9.6339572292172534e+02, 0.,
       1.0586881720217239e+03, 5.4720713467177484e+02, 0., 0., 1. ]
distortionCoefficients: !!opencv-matrix
   rows: 1
   cols: 5
   dt: d
   data: [ 7.1070233955563847e-02, -1.1762348172341024e-01,
       1.3603236645904127e-03, 1.2239010302006292e-03,
       4.0363037810538432e-02 ]
rotation: !!opencv-matrix
   rows: 3
   cols: 3
   dt: d
   data: [ 1., 0., 0., 0., 1., 0., 0., 0., 1. ]
projection: !!opencv-matrix
   rows: 4
   cols: 4
   dt: d
   data: [ 1.0558775663825529e+03, 0., 9.6339572292172534e+02, 0., 0.,
       1.0586881720217239e+03, 5.4720713467177484e+02, 0., 0., 0., 1.,
       0., 0., 0., 0., 1. ]
