%YAML:1.0
cameraMatrix: !!opencv-matrix
   rows: 3
   cols: 3
   dt: d
   data: [ 3.5838158280490450e+02, 0., 2.5821094183156515e+02, 0.,
       3.5967974069108641e+02, 2.0966821269360591e+02, 0., 0., 1. ]
distortionCoefficients: !!opencv-matrix
   rows: 1
   cols: 5
   dt: d
   data: [ 2.0471493347807870e-01, -9.8533288354856385e-01,
       5.5410725220578225e-03, 5.9201852060799939e-03,
       1.4719215818761859e+00 ]
rotation: !!opencv-matrix
   rows: 3
   cols: 3
   dt: d
   data: [ 1., 0., 0., 0., 1., 0., 0., 0., 1. ]
projection: !!opencv-matrix
   rows: 4
   cols: 4
   dt: d
   data: [ 3.5838158280490450e+02, 0., 2.5821094183156515e+02, 0., 0.,
       3.5967974069108641e+02, 2.0966821269360591e+02, 0., 0., 0., 1.,
       0., 0., 0., 0., 1. ]
