%YAML:1.0
depthShift: -2.2560103066502535e+01
