%YAML:1.0
depthShift: -1.7092846392815087e+01
