%YAML:1.0
cameraMatrix: !!opencv-matrix
   rows: 3
   cols: 3
   dt: d
   data: [ 1.0492486329676271e+03, 0., 9.4441251531101852e+02, 0.,
       1.0491809585765898e+03, 5.2843103494729849e+02, 0., 0., 1. ]
distortionCoefficients: !!opencv-matrix
   rows: 1
   cols: 5
   dt: d
   data: [ 4.1744749895720419e-02, -6.2060035415639592e-02,
       6.2207756683186504e-04, -8.6704130629189954e-04,
       1.9660974603556727e-02 ]
rotation: !!opencv-matrix
   rows: 3
   cols: 3
   dt: d
   data: [ 1., 0., 0., 0., 1., 0., 0., 0., 1. ]
projection: !!opencv-matrix
   rows: 4
   cols: 4
   dt: d
   data: [ 1.0492486329676271e+03, 0., 9.4441251531101852e+02, 0., 0.,
       1.0491809585765898e+03, 5.2843103494729849e+02, 0., 0., 0., 1.,
       0., 0., 0., 0., 1. ]
