%YAML:1.0
rotation: !!opencv-matrix
   rows: 3
   cols: 3
   dt: d
   data: [ 9.9999148789076531e-01, 4.0615498737727610e-03,
       7.2660762195887307e-04, -4.0638485523469070e-03,
       9.9998665258640995e-01, 3.1905773725350280e-03,
       -7.1363923450172301e-04, -3.1935030373245379e-03,
       9.9999464611436473e-01 ]
translation: !!opencv-matrix
   rows: 3
   cols: 1
   dt: d
   data: [ -5.1989091145120105e-02, 1.3422368389541639e-04,
       -1.0196950623006533e-04 ]
essential: !!opencv-matrix
   rows: 3
   cols: 3
   dt: d
   data: [ -5.1017591730370609e-07, 1.0153950145869120e-04,
       1.3454830687642950e-04, -1.3907009346173351e-04,
       -1.6644147471484068e-04, 5.1988738709651393e-02,
       7.7053251419170553e-05, -5.1988942381404800e-02,
       -1.6597274577804722e-04 ]
fundamental: !!opencv-matrix
   rows: 3
   cols: 3
   dt: d
   data: [ -4.9806460553728222e-10, 9.9100399667140208e-08,
       2.7559030581553862e-05, -1.3577739891103084e-07,
       -1.6245382686759913e-07, 1.8494758877341297e-02,
       1.5114809854602495e-04, -5.3246731848683358e-02, 1. ]
