%YAML:1.0
cameraMatrix: !!opencv-matrix
   rows: 3
   cols: 3
   dt: d
   data: [ 3.6303318825770344e+02, 0., 2.5615684616134035e+02, 0.,
       3.6313798270228870e+02, 2.0438349492484201e+02, 0., 0., 1. ]
distortionCoefficients: !!opencv-matrix
   rows: 1
   cols: 5
   dt: d
   data: [ 1.0749603438964163e-01, -3.1204882367082215e-01,
       8.9309146363902533e-04, -2.0741868628439187e-03,
       1.2871975400631835e-01 ]
rotation: !!opencv-matrix
   rows: 3
   cols: 3
   dt: d
   data: [ 1., 0., 0., 0., 1., 0., 0., 0., 1. ]
projection: !!opencv-matrix
   rows: 4
   cols: 4
   dt: d
   data: [ 3.6303318825770344e+02, 0., 2.5615684616134035e+02, 0., 0.,
       3.6313798270228870e+02, 2.0438349492484201e+02, 0., 0., 0., 1.,
       0., 0., 0., 0., 1. ]
