%YAML:1.0
cameraMatrix: !!opencv-matrix
   rows: 3
   cols: 3
   dt: d
   data: [ 3.5937736687938872e+02, 0., 2.5461620591859767e+02, 0.,
       3.5962607323806765e+02, 2.0785063481442774e+02, 0., 0., 1. ]
distortionCoefficients: !!opencv-matrix
   rows: 1
   cols: 5
   dt: d
   data: [ 9.6679423716367507e-02, -3.3691149954260485e-01,
       -1.8810451931381848e-04, 1.4101306361822645e-03,
       1.9750185753057431e-01 ]
rotation: !!opencv-matrix
   rows: 3
   cols: 3
   dt: d
   data: [ 1., 0., 0., 0., 1., 0., 0., 0., 1. ]
projection: !!opencv-matrix
   rows: 4
   cols: 4
   dt: d
   data: [ 3.5937736687938872e+02, 0., 2.5461620591859767e+02, 0., 0.,
       3.5962607323806765e+02, 2.0785063481442774e+02, 0., 0., 0., 1.,
       0., 0., 0., 0., 1. ]
