%YAML:1.0
cameraMatrix: !!opencv-matrix
   rows: 3
   cols: 3
   dt: d
   data: [ 1.0504433817817342e+03, 0., 9.7948860891690811e+02, 0.,
       1.0496087702134482e+03, 5.4465955791800127e+02, 0., 0., 1. ]
distortionCoefficients: !!opencv-matrix
   rows: 1
   cols: 5
   dt: d
   data: [ 6.2295005840023017e-02, -1.2441737809834198e-01,
       -5.1084634625266252e-03, 2.2857032025917589e-03,
       5.1423927824635604e-02 ]
rotation: !!opencv-matrix
   rows: 3
   cols: 3
   dt: d
   data: [ 1., 0., 0., 0., 1., 0., 0., 0., 1. ]
projection: !!opencv-matrix
   rows: 4
   cols: 4
   dt: d
   data: [ 1.0504433817817342e+03, 0., 9.7948860891690811e+02, 0., 0.,
       1.0496087702134482e+03, 5.4465955791800127e+02, 0., 0., 0., 1.,
       0., 0., 0., 0., 1. ]
