%YAML:1.0
depthShift: -2.3318431707777602e+01
