%YAML:1.0
rotation: !!opencv-matrix
   rows: 3
   cols: 3
   dt: d
   data: [ 9.9998245458848578e-01, -2.3772641299467431e-03,
       -5.4257838552134599e-03, 2.4271839738625725e-03,
       9.9995461809605557e-01, 9.2125200856510679e-03,
       5.4036370292656751e-03, -9.2255278238141045e-03,
       9.9994284353818341e-01 ]
translation: !!opencv-matrix
   rows: 3
   cols: 1
   dt: d
   data: [ -5.2023960737399351e-02, 7.3939870257476350e-04,
       -6.8632392049840308e-03 ]
essential: !!opencv-matrix
   rows: 3
   cols: 3
   dt: d
   data: [ 2.0653786415746532e-05, 6.8561063948181867e-03,
       8.0258417018959577e-04, -6.5820001859781844e-03,
       -4.6363276491063750e-04, 5.2058225684346787e-02,
       -8.6565745327892517e-04, -5.2019842044996996e-02,
       -4.7525996568541814e-04 ]
fundamental: !!opencv-matrix
   rows: 3
   cols: 3
   dt: d
   data: [ 1.5235665112559602e-08, 5.0540418794941177e-06,
       -8.4159865876926184e-04, -4.8592005644375958e-06,
       -3.4204292061205739e-07, 1.5120021308741223e-02,
       1.9609063254241417e-03, -4.5045332022235228e-02,
       9.9999999999999989e-01 ]
