%YAML:1.0
depthShift: -7.9283959498663013e+00
