%YAML:1.0
cameraMatrix: !!opencv-matrix
   rows: 3
   cols: 3
   dt: d
   data: [ 3.6946767266736146e+02, 0., 2.5293178288684032e+02, 0.,
       3.6915445512372315e+02, 2.0801962342405534e+02, 0., 0., 1. ]
distortionCoefficients: !!opencv-matrix
   rows: 1
   cols: 5
   dt: d
   data: [ 6.2855256019623315e-02, 1.4075582194348316e-01,
       -1.2517660072864656e-03, -1.6424985515288910e-03,
       -1.1662883730192692e+00 ]
rotation: !!opencv-matrix
   rows: 3
   cols: 3
   dt: d
   data: [ 1., 0., 0., 0., 1., 0., 0., 0., 1. ]
projection: !!opencv-matrix
   rows: 4
   cols: 4
   dt: d
   data: [ 3.6946767266736146e+02, 0., 2.5293178288684032e+02, 0., 0.,
       3.6915445512372315e+02, 2.0801962342405534e+02, 0., 0., 0., 1.,
       0., 0., 0., 0., 1. ]
