%YAML:1.0
rotation: !!opencv-matrix
   rows: 3
   cols: 3
   dt: d
   data: [ 9.9998746646802428e-01, -4.8933909090261790e-03,
       -1.0590714203492144e-03, 4.9000051010016114e-03,
       9.9996792527137435e-01, 6.3354856540946275e-03,
       1.0280354430168015e-03, -6.3405957034446368e-03,
       9.9997936978182378e-01 ]
translation: !!opencv-matrix
   rows: 3
   cols: 1
   dt: d
   data: [ -5.2071351527840683e-02, -2.2011679230475836e-04,
       -5.4076670347035808e-03 ]
essential: !!opencv-matrix
   rows: 3
   cols: 3
   dt: d
   data: [ 2.6271308190473341e-05, 5.4088892568384889e-03,
       -1.8585205432682388e-04, -5.3540680625994803e-03,
       -3.0370155906332290e-04, 5.2076004390105152e-02,
       -3.5035854638563796e-05, -5.2070758470881641e-02,
       -3.3013041999782193e-04 ]
fundamental: !!opencv-matrix
   rows: 3
   cols: 3
   dt: d
   data: [ 1.3980429174808694e-08, 2.8808140404128580e-06,
       -6.3934313073506709e-04, -2.8521138999003553e-06,
       -1.6191919262769071e-07, 1.1004440402635941e-02,
       1.4528650147134306e-03, -3.2415574528994136e-02, 1. ]
