%YAML:1.0
cameraMatrix: !!opencv-matrix
   rows: 3
   cols: 3
   dt: d
   data: [ 1.0745832789883650e+03, 0., 9.3662118409848904e+02, 0.,
       1.0734848151422921e+03, 5.2101512663432584e+02, 0., 0., 1. ]
distortionCoefficients: !!opencv-matrix
   rows: 1
   cols: 5
   dt: d
   data: [ 7.0215956998079990e-02, -1.1669073483644773e-01,
       -1.3594281331057194e-03, -1.8761054986277041e-03,
       6.6660610280297600e-02 ]
rotation: !!opencv-matrix
   rows: 3
   cols: 3
   dt: d
   data: [ 1., 0., 0., 0., 1., 0., 0., 0., 1. ]
projection: !!opencv-matrix
   rows: 4
   cols: 4
   dt: d
   data: [ 1.0745832789883650e+03, 0., 9.3662118409848904e+02, 0., 0.,
       1.0734848151422921e+03, 5.2101512663432584e+02, 0., 0., 0., 1.,
       0., 0., 0., 0., 1. ]
