%YAML:1.0
cameraMatrix: !!opencv-matrix
   rows: 3
   cols: 3
   dt: d
   data: [ 3.6240928498633576e+02, 0., 2.5382208904096595e+02, 0.,
       3.6230216588296918e+02, 2.1003098760575995e+02, 0., 0., 1. ]
distortionCoefficients: !!opencv-matrix
   rows: 1
   cols: 5
   dt: d
   data: [ 6.1007102852613682e-02, 1.9108586162926838e-01,
       1.1290939000102866e-03, -5.5726475723713619e-04,
       -1.4673359543542235e+00 ]
rotation: !!opencv-matrix
   rows: 3
   cols: 3
   dt: d
   data: [ 1., 0., 0., 0., 1., 0., 0., 0., 1. ]
projection: !!opencv-matrix
   rows: 4
   cols: 4
   dt: d
   data: [ 3.6240928498633576e+02, 0., 2.5382208904096595e+02, 0., 0.,
       3.6230216588296918e+02, 2.1003098760575995e+02, 0., 0., 0., 1.,
       0., 0., 0., 0., 1. ]
