%YAML:1.0
rotation: !!opencv-matrix
   rows: 3
   cols: 3
   dt: d
   data: [ 9.9997085969261823e-01, 5.8843523842264074e-03,
       -4.8635545256854006e-03, -5.8849166286383215e-03,
       9.9998267855546030e-01, -1.0171195024162524e-04,
       4.8628717729385096e-03, 1.3033059922663739e-04,
       9.9998816767602550e-01 ]
translation: !!opencv-matrix
   rows: 3
   cols: 1
   dt: d
   data: [ -5.2261623073351957e-02, 1.6327392225836884e-04,
       -3.6706756509428790e-03 ]
essential: !!opencv-matrix
   rows: 3
   cols: 3
   dt: d
   data: [ -2.0807640028764365e-05, 3.6706333491262938e-03,
       1.6289863876926225e-04, -3.4164271146747568e-03,
       -1.4788260366640931e-05, 5.2278857228070783e-02,
       1.4428613025791031e-04, -5.2261678587840060e-02,
       6.1097232291094439e-06 ]
fundamental: !!opencv-matrix
   rows: 3
   cols: 3
   dt: d
   data: [ -1.1489186605642590e-08, 2.0273832254621677e-06,
       -3.9029967174067636e-04, -1.8867417999966780e-06,
       -8.1693176839023710e-09, 1.0943841127094770e-02,
       1.0942168367253395e-03, -3.2593134326167575e-02,
       9.9999999999999989e-01 ]
