%YAML:1.0
depthShift: -1.0186309715469866e+01
