%YAML:1.0
cameraMatrix: !!opencv-matrix
   rows: 3
   cols: 3
   dt: d
   data: [ 1.0612478610381634e+03, 0., 9.6877110688086827e+02, 0.,
       1.0610674060026406e+03, 5.2923911600249801e+02, 0., 0., 1. ]
distortionCoefficients: !!opencv-matrix
   rows: 1
   cols: 5
   dt: d
   data: [ 6.9988401139495157e-02, -4.1369927532474766e-02,
       -5.6284852461810787e-04, -1.7814714661246141e-03,
       -9.3606914308396932e-02 ]
rotation: !!opencv-matrix
   rows: 3
   cols: 3
   dt: d
   data: [ 1., 0., 0., 0., 1., 0., 0., 0., 1. ]
projection: !!opencv-matrix
   rows: 4
   cols: 4
   dt: d
   data: [ 1.0612478610381634e+03, 0., 9.6877110688086827e+02, 0., 0.,
       1.0610674060026406e+03, 5.2923911600249801e+02, 0., 0., 0., 1.,
       0., 0., 0., 0., 1. ]
