%YAML:1.0
cameraMatrix: !!opencv-matrix
   rows: 3
   cols: 3
   dt: d
   data: [ 3.6692087038577677e+02, 0., 2.5517413180569275e+02, 0.,
       3.6847726620231020e+02, 2.0790034841940903e+02, 0., 0., 1. ]
distortionCoefficients: !!opencv-matrix
   rows: 1
   cols: 5
   dt: d
   data: [ 1.0256360941913066e-01, -2.3734244786787873e-01,
       -1.5181269693541675e-03, 2.2492318017884325e-03,
       2.2789050942463472e-03 ]
rotation: !!opencv-matrix
   rows: 3
   cols: 3
   dt: d
   data: [ 1., 0., 0., 0., 1., 0., 0., 0., 1. ]
projection: !!opencv-matrix
   rows: 4
   cols: 4
   dt: d
   data: [ 3.6692087038577677e+02, 0., 2.5517413180569275e+02, 0., 0.,
       3.6847726620231020e+02, 2.0790034841940903e+02, 0., 0., 0., 1.,
       0., 0., 0., 0., 1. ]
