%YAML:1.0
depthShift: -1.0809335169679521e+01
