%YAML:1.0
cameraMatrix: !!opencv-matrix
   rows: 3
   cols: 3
   dt: d
   data: [ 1.0724079999121543e+03, 0., 9.5055992500927005e+02, 0.,
       1.0775262760514124e+03, 5.3032253133354357e+02, 0., 0., 1. ]
distortionCoefficients: !!opencv-matrix
   rows: 1
   cols: 5
   dt: d
   data: [ 9.2110742827781492e-02, -1.1906491333450180e-01,
       -3.4234368241814668e-03, 2.8287306939262544e-03,
       2.0149354249719347e-02 ]
rotation: !!opencv-matrix
   rows: 3
   cols: 3
   dt: d
   data: [ 1., 0., 0., 0., 1., 0., 0., 0., 1. ]
projection: !!opencv-matrix
   rows: 4
   cols: 4
   dt: d
   data: [ 1.0724079999121543e+03, 0., 9.5055992500927005e+02, 0., 0.,
       1.0775262760514124e+03, 5.3032253133354357e+02, 0., 0., 0., 1.,
       0., 0., 0., 0., 1. ]
