%YAML:1.0
rotation: !!opencv-matrix
   rows: 3
   cols: 3
   dt: d
   data: [ 9.9999982094450945e-01, 1.5857309364745930e-04,
       5.7703164822965137e-04, -1.5990474309516338e-04,
       9.9999732275436681e-01, 2.3084441885762195e-03,
       -5.7666404623768919e-04, -2.3085360453340828e-03,
       9.9999716905594538e-01 ]
translation: !!opencv-matrix
   rows: 3
   cols: 1
   dt: d
   data: [ -5.1989413197900819e-02, 1.0288332624172077e-04,
       -2.5410942248022725e-03 ]
essential: !!opencv-matrix
   rows: 3
   cols: 3
   dt: d
   data: [ -4.6566213439855363e-07, 2.5408499118017630e-03,
       1.0874900918064943e-04, -2.5710741951816239e-03,
       -1.2042238351559812e-04, 5.1987799726991780e-02,
       -9.4569954058817688e-05, -5.1989290323998689e-02,
       -1.2007402569949856e-04 ]
fundamental: !!opencv-matrix
   rows: 3
   cols: 3
   dt: d
   data: [ -2.9939316956489705e-10, 1.6267158268427244e-06,
       -3.1246358659568090e-04, -1.6451963931187433e-06,
       -7.6731214914513689e-08, 1.2641865912725566e-02,
       8.0756381331074207e-04, -3.7200535132096563e-02, 1. ]
