%YAML:1.0
cameraMatrix: !!opencv-matrix
   rows: 3
   cols: 3
   dt: d
   data: [ 3.6493271548236362e+02, 0., 2.5737402513493095e+02, 0.,
       3.6622244788564143e+02, 2.0822033497164765e+02, 0., 0., 1. ]
distortionCoefficients: !!opencv-matrix
   rows: 1
   cols: 5
   dt: d
   data: [ 7.2103465090885721e-02, -2.7579507253308372e-01,
       -4.9774815489335813e-04, 3.3962391819390312e-03,
       2.7767476384698436e-01 ]
rotation: !!opencv-matrix
   rows: 3
   cols: 3
   dt: d
   data: [ 1., 0., 0., 0., 1., 0., 0., 0., 1. ]
projection: !!opencv-matrix
   rows: 4
   cols: 4
   dt: d
   data: [ 3.6493271548236362e+02, 0., 2.5737402513493095e+02, 0., 0.,
       3.6622244788564143e+02, 2.0822033497164765e+02, 0., 0., 0., 1.,
       0., 0., 0., 0., 1. ]
