%YAML:1.0
depthShift: -1.6621638155201776e+01
