%YAML:1.0
rotation: !!opencv-matrix
   rows: 3
   cols: 3
   dt: d
   data: [ 9.9999609719716909e-01, -1.3533536030302144e-03,
       2.4441817557472457e-03, 1.3602569034755695e-03,
       9.9999508472215948e-01, -2.8249305615870410e-03,
       -2.4403466119610156e-03, 2.8282442515466300e-03,
       9.9999302284709324e-01 ]
translation: !!opencv-matrix
   rows: 3
   cols: 1
   dt: d
   data: [ -5.2239168252461984e-02, 3.7087721003972088e-05,
       -3.6796439138407524e-04 ]
essential: !!opencv-matrix
   rows: 3
   cols: 3
   dt: d
   data: [ 4.1001920931597601e-07, 3.6806747587058862e-04,
       3.6047988382475029e-05, -4.9544463254816396e-04,
       1.4824311325046927e-04, 5.2237904399945176e-02,
       -1.0814626550514278e-04, -5.2238861289635022e-02,
       1.4748137377722719e-04 ]
fundamental: !!opencv-matrix
   rows: 3
   cols: 3
   dt: d
   data: [ 2.7773215105953078e-10, 2.4843754811436058e-07,
       -4.2890449180559031e-05, -3.3486966152396523e-07,
       9.9844245606277377e-08, 1.2950242798692592e-02,
       1.0094470250219071e-04, -3.7936638495471867e-02, 1. ]
