%YAML:1.0
cameraMatrix: !!opencv-matrix
   rows: 3
   cols: 3
   dt: d
   data: [ 1.0676206038899761e+03, 0., 9.6095713172399530e+02, 0.,
       1.0699370466021428e+03, 5.3578892429579253e+02, 0., 0., 1. ]
distortionCoefficients: !!opencv-matrix
   rows: 1
   cols: 5
   dt: d
   data: [ 4.5672774437305989e-02, 3.7521867561923564e-02,
       5.2890899149839155e-04, -1.1440152033177234e-04,
       -2.5107925454682689e-01 ]
rotation: !!opencv-matrix
   rows: 3
   cols: 3
   dt: d
   data: [ 1., 0., 0., 0., 1., 0., 0., 0., 1. ]
projection: !!opencv-matrix
   rows: 4
   cols: 4
   dt: d
   data: [ 1.0676206038899761e+03, 0., 9.6095713172399530e+02, 0., 0.,
       1.0699370466021428e+03, 5.3578892429579253e+02, 0., 0., 0., 1.,
       0., 0., 0., 0., 1. ]
