%YAML:1.0
rotation: !!opencv-matrix
   rows: 3
   cols: 3
   dt: d
   data: [ 9.9995861789775864e-01, -3.0367228784517132e-03,
       -8.5755936333225917e-03, 3.0691890581610076e-03,
       9.9998816366714227e-01, 3.7752621288946126e-03,
       8.5640277048629268e-03, -3.8014260187578391e-03,
       9.9995610233134447e-01 ]
translation: !!opencv-matrix
   rows: 3
   cols: 1
   dt: d
   data: [ -5.1986768176912362e-02, 1.1251686229783939e-03,
       -6.1409724005258128e-03 ]
essential: !!opencv-matrix
   rows: 3
   cols: 3
   dt: d
   data: [ 2.8483780557991999e-05, 6.1366224686535296e-03,
       1.1483030112372930e-03, -5.6955021512247088e-03,
       -1.7897542179422940e-04, 5.2037148562808819e-02,
       -1.2846792811931312e-03, -5.1982736018920506e-02,
       -1.8661468822229300e-04 ]
fundamental: !!opencv-matrix
   rows: 3
   cols: 3
   dt: d
   data: [ 1.6954292256462738e-08, 3.6473087327461565e-06,
       -5.1813384737941798e-04, -3.3966155132952313e-06,
       -1.0657831501797647e-07, 1.2006788691132428e-02,
       9.9138093412907144e-04, -3.5819391537978494e-02, 1. ]
