%YAML:1.0
cameraMatrix: !!opencv-matrix
   rows: 3
   cols: 3
   dt: d
   data: [ 1.0471733580065606e+03, 0., 9.6582732486802047e+02, 0.,
       1.0451683498719933e+03, 5.3244262687873538e+02, 0., 0., 1. ]
distortionCoefficients: !!opencv-matrix
   rows: 1
   cols: 5
   dt: d
   data: [ 4.9731312132717913e-02, -8.4720772624064120e-02,
       -5.9764985166508291e-03, 3.0969794342105075e-03,
       -8.1564615246348341e-04 ]
rotation: !!opencv-matrix
   rows: 3
   cols: 3
   dt: d
   data: [ 1., 0., 0., 0., 1., 0., 0., 0., 1. ]
projection: !!opencv-matrix
   rows: 4
   cols: 4
   dt: d
   data: [ 1.0471733580065606e+03, 0., 9.6582732486802047e+02, 0., 0.,
       1.0451683498719933e+03, 5.3244262687873538e+02, 0., 0., 0., 1.,
       0., 0., 0., 0., 1. ]
