%YAML:1.0
cameraMatrix: !!opencv-matrix
   rows: 3
   cols: 3
   dt: d
   data: [ 3.5838221105391523e+02, 0., 2.5402821624696693e+02, 0.,
       3.5890983388839891e+02, 2.0803866252748298e+02, 0., 0., 1. ]
distortionCoefficients: !!opencv-matrix
   rows: 1
   cols: 5
   dt: d
   data: [ 9.0821590615032546e-02, -2.8968618260835438e-01,
       -2.1059081849787334e-03, 5.5676440034783741e-04,
       1.1718884329294603e-01 ]
rotation: !!opencv-matrix
   rows: 3
   cols: 3
   dt: d
   data: [ 1., 0., 0., 0., 1., 0., 0., 0., 1. ]
projection: !!opencv-matrix
   rows: 4
   cols: 4
   dt: d
   data: [ 3.5838221105391523e+02, 0., 2.5402821624696693e+02, 0., 0.,
       3.5890983388839891e+02, 2.0803866252748298e+02, 0., 0., 0., 1.,
       0., 0., 0., 0., 1. ]
