%YAML:1.0
depthShift: -2.8169576001959353e+01
